1.249290420167977755e+00 3.739145740681363607e-03 5.409810710131999804e+04 1.570554232515740978e+02
1.252173858292678688e+00 3.668773490082066682e-03 5.293930146457000228e+04 1.347294168039092881e+02
1.252514771248793402e+00 6.720544780104331997e-03 5.293930217673000152e+04 1.303542051448607708e+02
1.253843853050893520e+00 4.541752664777372502e-03 5.293930288958999881e+04 1.255127896759833988e+02
1.252361264839341626e+00 4.204856194494520187e-03 5.293930360823000228e+04 1.302936055796896255e+02
1.266079197088849195e+00 6.420748150346705999e-03 5.293930432131999987e+04 7.781387748825936512e+01
1.257978649612473632e+00 4.723752785752371487e-03 5.293930502965999767e+04 1.141682887466901803e+02
1.249790783897531954e+00 3.589454088404687819e-03 5.294026420494999911e+04 1.830321690745781780e+02
1.249104522818444529e+00 2.958301957371843680e-03 5.294525898251000035e+04 1.949633322879039383e+02
1.242486768399533315e+00 4.056274746181915206e-03 5.376610916303999693e+04 1.899672012578138833e+02
1.245523978402727217e+00 3.828115209048274341e-03 5.376611012633000064e+04 1.953304411641548768e+02
1.249483377767293346e+00 4.273961527766942728e-03 5.376611112087999936e+04 1.987939599470715564e+02
1.249290967308935851e+00 4.002977504260546958e-03 5.376611207953999838e+04 1.909751498396024090e+02
1.249882476384986285e+00 3.409388954714405798e-03 5.376611304294999718e+04 1.947350408695879764e+02
1.246847377708919957e+00 3.645419178456601930e-03 5.377808574516000226e+04 2.070508429141248428e+02
1.243505067213414916e+00 4.133018844331279827e-03 5.377808671353999671e+04 2.051494436962534564e+02
1.250512854373276861e+00 3.216349672105084118e-03 5.377808768227999826e+04 2.177268911599335297e+02
1.248191867227041341e+00 4.111171018770169716e-03 5.377808863954999833e+04 2.118141503307599294e+02
1.249010395920472583e+00 4.538233922738565268e-03 5.377808960087000014e+04 2.130080233321638445e+02
1.246588867277557799e+00 3.974739675053768663e-03 5.377809056034999958e+04 2.145853089760791477e+02
1.249810188980355008e+00 3.642138592819604229e-03 5.377809152375000122e+04 2.117462362769587969e+02
1.249435746806700553e+00 3.553188019448086030e-03 5.377809250058999896e+04 2.188758817300047497e+02
1.250487653625476092e+00 3.698963747111985115e-03 5.377810690043000068e+04 2.165997614599796464e+02
1.251064883205152301e+00 3.332681878120574183e-03 5.377810786534000363e+04 2.137708168591120170e+02
1.249580161564956216e+00 3.177515538705240686e-03 5.377810882377000235e+04 2.160058790984266182e+02
1.245060511184703955e+00 4.201730598089033902e-03 5.380405608475000190e+04 1.821682764183831011e+02
1.242762658707895929e+00 4.774770350782322689e-03 5.441019016612999985e+04 1.700162374836685899e+02
1.243882657654985957e+00 4.037852260457957046e-03 5.441019113515999925e+04 1.434995224528668416e+02
1.242056469158275389e+00 4.081988130157741292e-03 5.441019210500000190e+04 1.901671489497616676e+02
1.241069642660636241e+00 4.500322084889592927e-03 5.441019307647000096e+04 1.890634965060110062e+02
1.241901264595552279e+00 3.047590514368829408e-03 5.441019404457000201e+04 2.004062978310091410e+02
1.242639374082175507e+00 3.691181078288740050e-03 5.441019501545999810e+04 1.833425036208652728e+02
1.244397798048849424e+00 2.959229850343712831e-03 5.441019598658000177e+04 1.786553387649930187e+02
1.241460473955768640e+00 4.524179010703510695e-03 5.441019695653000235e+04 1.952896576902656705e+02
1.243054098641810601e+00 3.003397919511745489e-03 5.443723922860000312e+04 1.922191814133584842e+02
1.245163686608990128e+00 3.220318912961217701e-03 5.443724023281999689e+04 2.020026048943114461e+02
1.245249205338524234e+00 3.631440937025845906e-03 5.443724123983000027e+04 2.051865683763826667e+02
1.246220787423147014e+00 3.852884647157623493e-03 5.443724224705999950e+04 2.036912034424477156e+02
1.245013481857222715e+00 3.789118788123816816e-03 5.443724325382000097e+04 2.010774538606807198e+02
1.244450349001706035e+00 3.748983570847329045e-03 5.443724426105000020e+04 2.075124511963897191e+02
1.243843954179084887e+00 3.417376804342231456e-03 5.443724526794000121e+04 2.055090742318463413e+02
1.243778617758385163e+00 3.459755261604929247e-03 5.443724627458999748e+04 2.025433291044340365e+02
1.242113459429807776e+00 6.195164135502353661e-03 5.451211471973000153e+04 1.098519446971969700e+02
1.238319357350237127e+00 6.648514945242205154e-03 5.451211566583999956e+04 9.104107493241546933e+01
1.249693744162886588e+00 6.353262187824794058e-03 5.302802329740000278e+04 1.357538715999545502e+02
1.249141072809476949e+00 5.661424901651399347e-03 5.304008623072000046e+04 1.049657715890427880e+02
1.247327805394577993e+00 6.524455985127020075e-03 5.305002436704000138e+04 1.153874016778331395e+02
1.252688430040414858e+00 8.235960102334382790e-03 5.306602676837000035e+04 3.902301013437080712e+01
1.247839992300554535e+00 3.633391759556733620e-03 5.326335566542999732e+04 3.191730857537457382e+02
1.248292070109105811e+00 2.839803858631678463e-03 5.327136995059000037e+04 2.065967094691267221e+02
1.253207218221125574e+00 3.040350116687335832e-03 5.332120390554999904e+04 1.588383252552284546e+02
1.243475257881237583e+00 8.915388779013924334e-03 5.341302358126000036e+04 8.983990022267813913e+01
1.248030685250609118e+00 4.926801566748384952e-03 5.341304148254999745e+04 1.985123792062258872e+02
1.247190844159106859e+00 3.047395465087713619e-03 5.362431735299000138e+04 1.594356077506228644e+02
1.246348147126026484e+00 2.745044330776397028e-03 5.373113408771000104e+04 2.368669985180429194e+02
1.248167213014511390e+00 4.518900001324719154e-03 5.376609467186000256e+04 1.912458712953016970e+02
1.243120630161504758e+00 4.395145803637769653e-03 5.376610818493000261e+04 1.884058057346325086e+02
1.249310869309220084e+00 3.359722896477691442e-03 5.380405709932000173e+04 1.791713862875095629e+02
1.245219191756411048e+00 4.794436322988356557e-03 5.380900090934999753e+04 1.479409288553056570e+02
1.246724428219327052e+00 3.838692656122267514e-03 5.380999604618999729e+04 2.392886618274506247e+02
1.245324182596974971e+00 3.222675417866349094e-03 5.381399848424999800e+04 2.764346165451673301e+02
1.247838058906157288e+00 3.537376552200585667e-03 5.404617628374999913e+04 1.922310507444113625e+02
1.247928429776083314e+00 2.634426858372221868e-03 5.381400026937999792e+04 2.797651143239309590e+02
1.250789648608194415e+00 2.625026902873322469e-03 5.381600188314000115e+04 2.739943990243534699e+02
1.248629508054607484e+00 2.908436366956236585e-03 5.381600368169000285e+04 2.776281661215818986e+02
1.251617006849680358e+00 2.085489214279844569e-03 5.381600547584999731e+04 2.757398287365600709e+02
1.247546712685475123e+00 2.742455424808188606e-03 5.381600726630999998e+04 2.866111365162364564e+02
1.248469260342555565e+00 2.799955701630103648e-03 5.381600905757999863e+04 2.988083093175860654e+02
1.248697614030085168e+00 2.977185767187286603e-03 5.381601083264000044e+04 3.017648805186285017e+02
1.249194346353394103e+00 4.328441233835052596e-03 5.404616836018000322e+04 2.029925553327468890e+02
1.250456925717116308e+00 3.312432308577979278e-03 5.404616933117999724e+04 2.041577626644822772e+02
1.247392197061432562e+00 4.125199825139323588e-03 5.404617037939000147e+04 1.996622959493437577e+02
1.244857757209389515e+00 3.336786408056184768e-03 5.404617135894999956e+04 2.082331309379789843e+02
1.247011377772806240e+00 3.151263167295015582e-03 5.404617237184999976e+04 1.973517446944080973e+02
1.247910562613671281e+00 3.319072022326718767e-03 5.404617333707000216e+04 1.955655476144628437e+02
1.245662835000528323e+00 2.876051997424366319e-03 5.404617432287999691e+04 1.936817267873634023e+02
1.245629694403015408e+00 3.528502281585798716e-03 5.404617530429999897e+04 1.981379683179531241e+02
1.251966945131042230e+00 5.662228550734419059e-03 5.304008694079000270e+04 1.016092595446374816e+02
1.250561232151347957e+00 5.133818375703183903e-03 5.304008764694000274e+04 1.062291848927524427e+02
1.249441972736564210e+00 6.189065885215369427e-03 5.304008835320000071e+04 1.013681067455011089e+02
1.243317725783404271e+00 5.843470372421473782e-03 5.304010388729999977e+04 9.237395026327737924e+01
1.250470317006206811e+00 6.051314240308924147e-03 5.304010458684000332e+04 9.666457877319932379e+01
1.250298917522923325e+00 6.705312268343165995e-03 5.304010602818000189e+04 7.315221817562827766e+01
1.244176131085972692e+00 6.987767261765501399e-03 5.304010673038999812e+04 8.230653766898547019e+01
1.250514649527519673e+00 6.795351204434725914e-03 5.304602557522999996e+04 8.437951947766248395e+01
1.251910278544478672e+00 7.386074996637506315e-03 5.304602628345999983e+04 6.979118902251113354e+01
1.246616955162572538e+00 7.316717038861495111e-03 5.304602698901999975e+04 8.295197678100129224e+01
1.249406394193103065e+00 9.188716310323148673e-03 5.304602769632000127e+04 6.758083860359870698e+01
1.248128060669292161e+00 7.160781575965870227e-03 5.304602840165999805e+04 8.043565092193880162e+01
1.245804731654707620e+00 9.645691146384945472e-03 5.304602910721999797e+04 8.816025204849854902e+01
1.244561507433258107e+00 5.889492408913944016e-03 5.305002153622000333e+04 1.032113716687856595e+02
1.246863007860342210e+00 5.734785989418388422e-03 5.305002224767999724e+04 1.003524338587904765e+02
1.248727505058160991e+00 5.153280900136089464e-03 5.305002295522000350e+04 1.190003805487503570e+02
1.247117110055470546e+00 6.755919459819353587e-03 5.305002365892999660e+04 1.163411578733180960e+02
1.246552316341469124e+00 2.329548546868091905e-03 5.589917820311000105e+04 2.760319462091428022e+02
6.623642995535452549e-01 2.651571172685504921e-02 5.590119898460999684e+04 5.219164067541597660e+02
1.250497666844792910e+00 4.911991805630944868e-03 5.590228396015999897e+04 9.910740107557067802e+01
1.249418951767903296e+00 4.019502124340009093e-03 5.590228491657000268e+04 1.240706013377837564e+02
1.250844453109079213e+00 3.627084372942794305e-03 5.590228586049000296e+04 1.279064406949447914e+02
1.253242299742049815e+00 4.610816254104720992e-03 5.590228680962000362e+04 1.301381056413549118e+02
1.251752940843751549e+00 4.280053495578070577e-03 5.590228776441999798e+04 1.180230062101615260e+02
1.247336114396440543e+00 4.228231603889126035e-03 5.590228871262000030e+04 1.192405965833524135e+02
1.249597273855917567e+00 4.050709125612240655e-03 5.590228965746000176e+04 1.192642443697902763e+02
1.253312538380842778e+00 4.043833873024892112e-03 5.590229060623999976e+04 1.178294295800050833e+02
1.245115158070203565e+00 2.681119393859094681e-03 5.618934968245000346e+04 2.871881206276851231e+02
1.246904004180363401e+00 2.644895585378204215e-03 5.618935527433999960e+04 3.156606176802070536e+02
1.249192693193971637e+00 3.576588302204856962e-03 5.619529350243000226e+04 3.395835687228552047e+02
1.247605926280666022e+00 3.358477535234282146e-03 5.619529735752999841e+04 3.559787102821302938e+02
1.244412918357542974e+00 4.639450689260042095e-03 5.619530119861999992e+04 3.658903913925924485e+02
1.246163801242043956e+00 3.685062595626453340e-03 5.620130613656000060e+04 2.166806679645225984e+02
1.247826456142988594e+00 3.614888290765384121e-03 5.620130881704000058e+04 2.320213313847876861e+02
1.245221576833788646e+00 3.753639719539473597e-03 5.620131149972999992e+04 2.332151071675556011e+02
1.252311853852348555e+00 2.802163847937586775e-03 5.661914968650999799e+04 2.066499185799114571e+02
1.249111377763829633e+00 2.931933633517242854e-03 5.661915144634000171e+04 2.037063196366404725e+02
1.249321952602980623e+00 2.772818547715561518e-03 5.661915319992000150e+04 2.120420557618714099e+02
1.248980783607256395e+00 2.955856426724589019e-03 5.661915495905999705e+04 2.119177034989314166e+02
1.250736065445167355e+00 2.686510555609270857e-03 5.661915671773000213e+04 2.135681642260962292e+02
1.246402191689532479e+00 5.996904152996835637e-03 5.341304242245999922e+04 2.105531770205909652e+02
1.249260569413087829e+00 7.029147311052653599e-03 5.344203277800000069e+04 1.206036193092251949e+02
1.247517084864588899e+00 7.941111294546328997e-03 5.344203376929999649e+04 1.156567389032967981e+02
1.246811887953385822e+00 5.683349107136648377e-03 5.344203471452999656e+04 1.198587837651486012e+02
1.247430230886488411e+00 5.069727753116344028e-03 5.344203568164000171e+04 1.171529666945620249e+02
1.246961533627277241e+00 7.946770511109979562e-03 5.344203669133999938e+04 1.266567788121331972e+02
1.251194465134749079e+00 8.074160942319998438e-03 5.344203764860999945e+04 9.786282227824759161e+01
1.250038343805181418e+00 6.602492584832858093e-03 5.344203858886999660e+04 1.188951016121904729e+02
1.250471828834229360e+00 5.757584132778492680e-03 5.344203954243000044e+04 1.192639022924075221e+02
1.251761145406760090e+00 5.000422249788066993e-03 5.344204052667000360e+04 1.323044908030698537e+02
1.248956611420767748e+00 3.211782678490846671e-03 5.362431268483000167e+04 1.547216833896986827e+02
1.249613977899118211e+00 3.720039786474242573e-03 5.362431362067999726e+04 1.490594233030440421e+02
1.246987209495798776e+00 3.330661952846509111e-03 5.362431455712000025e+04 1.627246876715256292e+02
1.245419584355096365e+00 3.158855178797302394e-03 5.362431548741999723e+04 1.760211169597551475e+02
1.247305224025935910e+00 3.409702232325901271e-03 5.362431641747999674e+04 1.618276108034445997e+02
1.247447096332261918e+00 4.912134968306064962e-03 5.380900167620999855e+04 1.421375139474927494e+02
1.249670231443970714e+00 4.844213328241697702e-03 5.380900244180000300e+04 1.427547147374392011e+02
1.246492525470565216e+00 4.336260731563805829e-03 5.380900320148000174e+04 1.362704295592632491e+02
1.250317694223298970e+00 4.405741058963900079e-03 5.380900398582000344e+04 1.534213139731809576e+02
1.244651072680212245e+00 5.852536843404382121e-03 5.380900477780000074e+04 1.429339104750836782e+02
1.247374334624808290e+00 4.064348428982899296e-03 5.380900557105000189e+04 1.448100988117474515e+02
1.244303358724107689e+00 4.163737947587321797e-03 5.380900639149999915e+04 1.374364035492511107e+02
1.247535577554315323e+00 5.230933622864643653e-03 5.380900717989000259e+04 1.344136358493156251e+02
1.247507844068820981e+00 5.481333903849038708e-03 5.380900795115000074e+04 1.443326160213744060e+02
1.247734059247260330e+00 4.342479711413002076e-03 5.380900871129000006e+04 1.434871358294706170e+02
1.249476522850907045e+00 3.785950759146152356e-03 5.380900947525999800e+04 1.509660068094990493e+02
1.243958238568976249e+00 4.947557332795462191e-03 5.380901024697999674e+04 1.443448237377984924e+02
1.245417883334018816e+00 3.842468865152725427e-03 5.409810803909999959e+04 1.553272710149096554e+02
1.247699480791819138e+00 3.495233811228753810e-03 5.409810897608000232e+04 1.489836445603241089e+02
1.241374862760014519e+00 4.578972554799532434e-03 5.413406671613999788e+04 1.795028580272210377e+02
1.242710649184985972e+00 4.542226945499562227e-03 5.413406766226000036e+04 1.729648867780461217e+02
1.242890621812171359e+00 6.353165928346171665e-03 5.413406859992999671e+04 1.592773014599374335e+02
1.242512972339135491e+00 4.572026172304592337e-03 5.413406953829000122e+04 1.700946973619598452e+02
1.244997315199709131e+00 3.875728004111615287e-03 5.413407047479999892e+04 1.731307870555507975e+02
1.243186488029232262e+00 4.163411829701266567e-03 5.413407141258000047e+04 1.719932237744712040e+02
1.247751787225798825e+00 5.471190427830984089e-03 5.413407236124000337e+04 1.531505207873344716e+02
1.244817146874537261e+00 4.022678499138774601e-03 5.413407329926000239e+04 1.682201142255810566e+02
1.240571921467792826e+00 6.546037027645055725e-03 5.416110001390999969e+04 8.664803378770741915e+01
1.238401661210817961e+00 6.936776270734972168e-03 5.416110095793999790e+04 1.083801743794199695e+02
1.244734699663408328e+00 7.225186582066791229e-03 5.416110189548999915e+04 1.141898408494347876e+02
1.240476177511110167e+00 5.309455722239410022e-03 5.416110283281000011e+04 1.017700224905060082e+02
1.249804989950563217e+00 5.673774447677105807e-03 5.416110377221000090e+04 1.054747919998598746e+02
1.245511806090780382e+00 7.108243540365498207e-03 5.416110470768000232e+04 1.186221400556879786e+02
1.242570342080768775e+00 6.399718310209526022e-03 5.416110564591999719e+04 1.114175511200571549e+02
1.237247538865526852e+00 7.959755685999729893e-03 5.416110658289999992e+04 1.128210862508818764e+02
1.249991684582281160e+00 4.526886734750052398e-03 5.433937694871999702e+04 1.426666906557772450e+02
1.249142742312313814e+00 4.643466605973619980e-03 5.433937788765999721e+04 1.531102694409980529e+02
1.248370929637676818e+00 2.480919533906636616e-03 5.673000120197999786e+04 3.133224221140076224e+02
1.245572696769087218e+00 3.282460504845017852e-03 5.673000504214999819e+04 3.016563853802992980e+02
1.251567710600645533e+00 4.051779060370096219e-03 5.689537668953999673e+04 3.417515856179168736e+02
1.249254032708063900e+00 3.812560053574950893e-03 5.689538054671999998e+04 3.723138429675259431e+02
1.250092582288706344e+00 4.384707048216703040e-03 5.689538440471999638e+04 3.858126204292148032e+02
1.246092778571622262e+00 4.743610325183309634e-03 5.690340169774999958e+04 1.742890601413293723e+02
1.242516562492608889e+00 5.018977364372551216e-03 5.690340415576999658e+04 2.317399784100154534e+02
1.242588314784612180e+00 5.548291263505381044e-03 5.690340663568000309e+04 2.431186250845534857e+02
1.245877846006752332e+00 4.579665823547277373e-03 5.690340909971999645e+04 2.505739171671779957e+02
1.245804459526044017e+00 4.476803055910448699e-03 5.690341157928000030e+04 2.466467082729189713e+02
1.245198979910324466e+00 4.001849245325667798e-03 5.692732804724000016e+04 2.663862752200149089e+02
1.243134116770756803e+00 3.764731380882653869e-03 5.692733015003000037e+04 2.554099149577592698e+02
1.243790880801733501e+00 3.065951944788167759e-03 5.692733225618000142e+04 2.622600363401344907e+02
1.242921630045234593e+00 3.823418112304783831e-03 5.692733436788000108e+04 2.815384111241619962e+02
1.244791442260281045e+00 3.236692975950234905e-03 5.692733647159999964e+04 2.824143172146039547e+02
1.244541097982935218e+00 3.326491971952757424e-03 5.692733858052999858e+04 2.988896380911608048e+02
1.245059896251888176e+00 3.290052166741337658e-03 5.692934885054000188e+04 2.619270420852687948e+02
1.244629742648425186e+00 2.628311500206394896e-03 5.692935130208999908e+04 2.858799759464104113e+02
1.245171290490318272e+00 2.600423852683038037e-03 5.692935375593999925e+04 3.030086598683507191e+02
1.246380887765244694e+00 2.824306826453839344e-03 5.692935621432000335e+04 3.141514160990532218e+02
1.252018639386436316e+00 3.586737679257570328e-03 5.327137170249000337e+04 1.933959970990005104e+02
1.249925480989193094e+00 3.397351357567349704e-03 5.327137345959999948e+04 2.161211737919918789e+02
1.248774750772886577e+00 3.323791955798663725e-03 5.327137521220000053e+04 2.079953943937890699e+02
1.252618147131090875e+00 2.613397570990343491e-03 5.327137697312000091e+04 2.165700760214802472e+02
1.250247133297066382e+00 3.490774053702028808e-03 5.327137873232000129e+04 2.220418031258026019e+02
1.248150069810456841e+00 3.160670490969817725e-03 5.327237825144000089e+04 1.742049407897709159e+02
1.249269468378902737e+00 3.011451289545109301e-03 5.327237919487000181e+04 1.920844344466929101e+02
1.249827673252251747e+00 3.724888336691145434e-03 5.327238012996999896e+04 1.800273236673858719e+02
1.251246617949001383e+00 3.441576773529461848e-03 5.327238106598999730e+04 1.774369386020308639e+02
1.251998571912996239e+00 2.882770979076985061e-03 5.329836290487999941e+04 1.810047262304844935e+02
1.251354358219002094e+00 3.876150251938009599e-03 5.329836383298000146e+04 1.828647769544929531e+02
1.250620181549348509e+00 2.823829054276625651e-03 5.329836482670999976e+04 1.880991802180982120e+02
1.252660565329596798e+00 3.188718492723501864e-03 5.329836575597000046e+04 1.869844079947310718e+02
1.250152133383277020e+00 3.264261597789013241e-03 5.329836668523000117e+04 1.830118290034126005e+02
1.253257512250781192e+00 4.016116935025421802e-03 5.329836761680000200e+04 1.626850478208363597e+02
1.251613050116880732e+00 3.311443130878182709e-03 5.329836854919000325e+04 1.796896228651600609e+02
1.252202832136387833e+00 3.708243412380697688e-03 5.329836947935000353e+04 1.763847611274406404e+02
1.254720015333709471e+00 3.010009949235922626e-03 5.332120110794000357e+04 1.732042508888840189e+02
1.253916104398683284e+00 3.424840133991896313e-03 5.332120204009000008e+04 1.594825445518690401e+02
1.255752805869162270e+00 3.282241838932725784e-03 5.332120297015999677e+04 1.555583578934115110e+02
1.249258005502872582e+00 2.439629979946789529e-03 5.584231561671000236e+04 2.967547004368358898e+02
1.247917519902269179e+00 2.989450924669180901e-03 5.584231830759999866e+04 2.964448038603575242e+02
1.247837522086716611e+00 3.058297316897815900e-03 5.587428217369999766e+04 2.695841677631580069e+02
1.249541447743976352e+00 3.018899708198078975e-03 5.587428428608000104e+04 2.853455419250707337e+02
1.249191561917478710e+00 2.622469343106365036e-03 5.587428639152999676e+04 2.621327577895269769e+02
1.249728636920234726e+00 2.784442937982964991e-03 5.587428849292000086e+04 2.297352616467822202e+02
1.249340017634776645e+00 2.836488751893502178e-03 5.587429060426000069e+04 2.120715081126831194e+02
1.248401409870496304e+00 3.408195296177679318e-03 5.587429271085999790e+04 2.205302166554849350e+02
1.246891132487872200e+00 4.360748414754033429e-03 5.587819497876000241e+04 2.077660087326164557e+02
1.247279182107766449e+00 3.302594753648108606e-03 5.587819708872000047e+04 1.909493275826370393e+02
1.243256646881891303e+00 4.400652204868477774e-03 5.587819919022000249e+04 1.906900421056415382e+02
1.248334129701216266e+00 3.324382004298872748e-03 5.587820130156999949e+04 2.071396082949458162e+02
1.247018238175337856e+00 3.281649819864331137e-03 5.587820340782000130e+04 2.009684843889390606e+02
1.248130608480777060e+00 3.079099452415860055e-03 5.373113501777999772e+04 2.373073058216703544e+02
1.246488263147623510e+00 2.772481802091517587e-03 5.373113594947000092e+04 2.327080370115041035e+02
1.244764705468242028e+00 2.981714093963075927e-03 5.373113689598000201e+04 2.370538361580332776e+02
1.247425958698369364e+00 3.386168706269420282e-03 5.373210077121000359e+04 1.806789624851358269e+02
1.243292732542402135e+00 3.797711074027030655e-03 5.373210170441000082e+04 1.791127822080100316e+02
1.242164501753065808e+00 3.810814473099347500e-03 5.373210264443000051e+04 1.909101702934284788e+02
1.245858675737533616e+00 3.710870153900729627e-03 5.373210359371999948e+04 1.797647644801505464e+02
1.243239913280225650e+00 3.561108215218888179e-03 5.373210452495000209e+04 1.884093244765293775e+02
1.241419926299470289e+00 3.397826865081083648e-03 5.373210545224000089e+04 1.890608017414333233e+02
1.243753020370521156e+00 3.479382160892958726e-03 5.373210638543999812e+04 1.951216626006933836e+02
1.242750254522740905e+00 3.974221679499333540e-03 5.373210732026000187e+04 1.938688461189505858e+02
1.247207930456391889e+00 4.521300598063912428e-03 5.376609179287000006e+04 1.870752422008871179e+02
1.247680755148613541e+00 4.770025594984105173e-03 5.376609275522999815e+04 1.821112484166237380e+02
1.247413527645704789e+00 4.966476783047592963e-03 5.376609371169999940e+04 1.986481849339305654e+02
1.245760779726493128e+00 4.536046870671779641e-03 5.729532974480000121e+04 2.075618271724584076e+02
1.241506134298550723e+00 4.031907160154404868e-03 5.729533102959999815e+04 2.103970146427491841e+02
1.243401379883311009e+00 3.830070204200893263e-03 5.729533231428999716e+04 2.042184486665584870e+02
1.244762800960813820e+00 3.512462043337214509e-03 5.729533359920999646e+04 1.970292122008197282e+02
1.244991876903152939e+00 4.854056706850166762e-03 5.729533488365999801e+04 2.049640609417930932e+02
1.242283681517635463e+00 4.368979033990218891e-03 5.730535311260000162e+04 2.132577389587071934e+02
1.241354349453887451e+00 3.019119171438214549e-03 5.730535520623000048e+04 2.346614411835463727e+02
1.245128056316231469e+00 3.311204278397839387e-03 5.730535729800999979e+04 1.856684673199626161e+02
1.245089961877094309e+00 2.855740425949101352e-03 5.730535939140999835e+04 2.122058121497598506e+02
1.244741962266679103e+00 3.160194843480680985e-03 5.730536148634999699e+04 2.183307749014488763e+02
1.242718485206176560e+00 3.795408877940192015e-03 5.730536357059999864e+04 1.930774550141494785e+02
1.244797426103091187e+00 3.111488586222985447e-03 5.730830633402000240e+04 1.957166246269783585e+02
1.245044550369139191e+00 3.472559615069565220e-03 5.730830784718000359e+04 1.866991722074621975e+02
1.254753040626637839e+00 2.747442348503766757e-03 5.332120484105999640e+04 1.568910912002807549e+02
1.255398817995317273e+00 2.999643630017752999e-03 5.332120577135000349e+04 1.512856857830334434e+02
1.254580374064709680e+00 3.628300439918208300e-03 5.332120670986999903e+04 1.521653420235824399e+02
1.253501669508978233e+00 2.814349506248458362e-03 5.332120764631000202e+04 1.493202284340337371e+02
1.244950843958934072e+00 3.646627724965437883e-03 5.334714637940000102e+04 1.765129106044500418e+02
1.248185122742877518e+00 3.170656755664471096e-03 5.334714731791999657e+04 1.778237743292517337e+02
1.247546899367445228e+00 2.890301428564641308e-03 5.334714826164999977e+04 1.819131825748763447e+02
1.248778256627917749e+00 3.421709354594458172e-03 5.334714919727000233e+04 1.760408610451654567e+02
1.248703697013442193e+00 3.211263291019414521e-03 5.334715013555999758e+04 1.788676177383844674e+02
1.248934929158805662e+00 3.421218208330972874e-03 5.334715107605000230e+04 1.762599808707881266e+02
1.246742529415686196e+00 2.982719773251941639e-03 5.334715200912000000e+04 1.745515851307873163e+02
1.248944866279461552e+00 2.916299633329463761e-03 5.334715295319999859e+04 1.749682268667377230e+02
1.245990279362519271e+00 4.626220590654270617e-03 5.341302170712000225e+04 1.440581333257144649e+02
1.239089501772884461e+00 1.148668009317396592e-02 5.341302264065999771e+04 9.707897593784049661e+01
1.250206451914020356e+00 5.747037530832769213e-03 5.433937976612999773e+04 1.553619521977638271e+02
1.248042841837139649e+00 4.466207985819927243e-03 5.433938070924000203e+04 1.498985857155707606e+02
1.249613654534922347e+00 8.077310669307065372e-03 5.433938165108000248e+04 1.226117480835946907e+02
1.253771113630491651e+00 5.882442774676148629e-03 5.433938259002999985e+04 1.254496564146610211e+02
1.250410446360597616e+00 5.067484273733416714e-03 5.433938353035999899e+04 1.313264622322013793e+02
1.247664289719584207e+00 6.698780229058440283e-03 5.433938522699000168e+04 1.309221917841516643e+02
1.251593036827346239e+00 7.160372900160106961e-03 5.433938616465999803e+04 1.365015158239495463e+02
1.244755573012812366e+00 5.627970335055106424e-03 5.433938710395999806e+04 1.517542553341338021e+02
1.249669409940586284e+00 5.566875781811960432e-03 5.433938804451999749e+04 1.584755058355705728e+02
1.249030710718839865e+00 4.486369935480931034e-03 5.433938899341999786e+04 1.634616875301976791e+02
1.249294602469231741e+00 4.398322313558099272e-03 5.433938993260000279e+04 1.441454336093062238e+02
1.243486790197099623e+00 4.617244163373319596e-03 5.438431640114000038e+04 1.446295461521589232e+02
1.244446502274259903e+00 4.566332702226610397e-03 5.438431740131999686e+04 1.168990554214873043e+02
1.242128175737939433e+00 5.052190090060815382e-03 5.438431839687000320e+04 1.102982142914647596e+02
1.245531213719415664e+00 5.025615704974660883e-03 5.438431939379999676e+04 9.190818358604441585e+01
1.249875008130032050e+00 5.415073381904589832e-03 5.438432038761000149e+04 8.646870437667119802e+01
1.250130055216312375e+00 4.928842060302140136e-03 5.438432138293000025e+04 8.942452695687455844e+01
1.245642463228142205e+00 5.290964810262294322e-03 5.438432237835999695e+04 8.427981914835228849e+01
1.249849778610479856e+00 5.996904762057081451e-03 5.438432337356000062e+04 8.736748716587729291e+01
1.241150732853305350e+00 3.745891394991735391e-03 5.441018822563000140e+04 1.849980479430432467e+02
1.241987717214104281e+00 6.534867499308271571e-03 5.451211756431999675e+04 1.109532287334559726e+02
1.239613824750095405e+00 7.994211790132961862e-03 5.451211851241000113e+04 1.226489297432140688e+02
1.244925299001462093e+00 5.476499421437610628e-03 5.451211946105999959e+04 1.261748716323574513e+02
1.241512905161308744e+00 4.916658394632670258e-03 5.451212041250000038e+04 1.445249747465994972e+02
1.241970228571297685e+00 5.118164995303113064e-03 5.451212134889000299e+04 1.445290888162711553e+02
1.244227440962591302e+00 5.953110629721913676e-03 5.452005168984000193e+04 1.563522550775453794e+02
1.250450589516946209e+00 7.358951002821757445e-03 5.452005263479999849e+04 1.420829989136501013e+02
1.243721361980125284e+00 9.295634454979568445e-03 5.452005358947999775e+04 1.504238913990361368e+02
1.245891804034630956e+00 6.650862735815676191e-03 5.452005453768000007e+04 1.556017173012506305e+02
1.244266472908881038e+00 6.405026342895661813e-03 5.452005548737999925e+04 1.603656540104718431e+02
1.242649896004539567e+00 6.361360822755251880e-03 5.452005643117999716e+04 1.542374977242386649e+02
1.246257302534990119e+00 6.345846370003714772e-03 5.452005738541000028e+04 1.546905675840110348e+02
1.243754545922648891e+00 6.358215015701893305e-03 5.452005833430000348e+04 1.540615678086980438e+02
1.246290154645526504e+00 4.556327727040161354e-03 5.468634913010000309e+04 1.661902919242125165e+02
1.246294887349336911e+00 3.461060733702933656e-03 5.468635008673999982e+04 1.627868101540346117e+02
1.248776252454796065e+00 3.673959528884085477e-03 5.468635103517000243e+04 1.656203130525975098e+02
1.249597063724375623e+00 4.347654309444851095e-03 5.468635198012999899e+04 1.712908974432226330e+02
1.247300267361825643e+00 5.991433917606733654e-03 5.319143421692000265e+04 7.688118205970616259e+01
1.245891306045305624e+00 7.577868719953449912e-03 5.319143514950999815e+04 8.388239078430990503e+01
1.245177186603550590e+00 6.402639064945935682e-03 5.319143609111999831e+04 8.561821356409801353e+01
1.250520304345879019e+00 6.407649542126036407e-03 5.319143703018000087e+04 8.268755210144435353e+01
1.251433356432928745e+00 6.353363708936966316e-03 5.319143795906000014e+04 8.496333263501949773e+01
1.251076478785790869e+00 5.941300251286678151e-03 5.319143888863999746e+04 8.715210617107983637e+01
1.249760222032338719e+00 3.500031999593037485e-03 5.323738579952000146e+04 1.266577026958915297e+02
1.249369822296081622e+00 3.647512686408930453e-03 5.323738674704000005e+04 1.364627315009576307e+02
1.252566459565177759e+00 3.181768031742369766e-03 5.323738769422000041e+04 1.342372242768863373e+02
1.252078074278403008e+00 3.741107087056406814e-03 5.323738865239000006e+04 1.368444525784588279e+02
1.252542572740879878e+00 3.902380932073530768e-03 5.323738959654999780e+04 1.444513874962237026e+02
1.250179622296244242e+00 4.530647538998522524e-03 5.326335216835000028e+04 3.064126430561469192e+02
1.252629209788682640e+00 4.489114540152929975e-03 5.326335391977999825e+04 3.305288011603340124e+02
1.253788374937433447e+00 3.755752560376358386e-03 5.671208798207999644e+04 2.393313968411898713e+02
1.244866061105834421e+00 4.613305927559674738e-03 5.671306215738000174e+04 3.006086059178497294e+02
1.244861306052940764e+00 2.533584530199790071e-03 5.671306600022000202e+04 3.150866204671775677e+02
1.244221823263342408e+00 4.933551796395683336e-03 5.671306983785000193e+04 2.940431205714085650e+02
1.242611001782430558e+00 3.704913252683600389e-03 5.671406868668999959e+04 2.167462969657703127e+02
1.244029378622035997e+00 3.768672160258861991e-03 5.671407252442999743e+04 1.913073738219786151e+02
1.240569074203997868e+00 4.873942525803563047e-03 5.671407636507000279e+04 2.064797889612615904e+02
1.240277979963308130e+00 4.864789570308847462e-03 5.671506359625999903e+04 2.142383614767923063e+02
1.243812638562161066e+00 3.202016568202433258e-03 5.671506570138000097e+04 2.274014622862017632e+02
1.245302677090148524e+00 4.781704595797220923e-03 5.671506780301999970e+04 2.177057962634122248e+02
1.241771945522256893e+00 3.563171841362663093e-03 5.671506990835999750e+04 2.413678073791458019e+02
1.240312103854839698e+00 4.063507900239645039e-03 5.671507201057000202e+04 2.223147908437956062e+02
1.243097625040340493e+00 4.033100039071477357e-03 5.671507411036000121e+04 2.127006100940562590e+02
1.248193632415050880e+00 4.736932266755478071e-03 5.671805437643000187e+04 1.770037416118201747e+02
1.251619726537360311e+00 3.935044973559597911e-03 5.671805648189000203e+04 1.800098944687806863e+02
1.244426741940504844e+00 5.862258171363797683e-03 5.671805857993000245e+04 1.688379844543590309e+02
1.246513174812459601e+00 5.815768748553378810e-03 5.671806068308000249e+04 1.735818978416314167e+02
1.244518460427451068e+00 5.582211387736529633e-03 5.671806278818999999e+04 1.567940713247519966e+02
1.245207486294389376e+00 7.764077494718237167e-03 5.671806489364000299e+04 1.649857358750356866e+02
1.236642504441809898e+00 2.954100821140223394e-03 5.672701941303999774e+04 4.398355609813562523e+02
1.253262069638686249e+00 1.861852010658718911e-03 5.672702499348999845e+04 4.163771076455860225e+02
1.252548196401999769e+00 2.045904033202689595e-03 5.662623433590999775e+04 3.615490656388672619e+02
1.250056028095742455e+00 2.937269828025800434e-03 5.662623817642000358e+04 3.667872627629981253e+02
1.250409775486692965e+00 2.174026668633976221e-03 5.662624201311999786e+04 3.961907742976225109e+02
1.250317880002870918e+00 3.055731920938473383e-03 5.662921834277000016e+04 2.172882124334228706e+02
1.250044811512347476e+00 3.128108278942686761e-03 5.662922044545999961e+04 2.072535726590599268e+02
1.248346390021989327e+00 3.991591506970431844e-03 5.662922255102999770e+04 2.086381125616068744e+02
1.249867764012354776e+00 3.776547324028158795e-03 5.662922466341999825e+04 1.975075628214883352e+02
1.249636727211678622e+00 3.361166394510649042e-03 5.662922676830000273e+04 2.037245761326780098e+02
1.250560701252429796e+00 2.902097985575792169e-03 5.662922887525000260e+04 1.822673304598805260e+02
1.248937986486559293e+00 3.866242327736831366e-03 5.663118120399000327e+04 2.000931141907161930e+02
1.250998328700474449e+00 3.083779085757793696e-03 5.663118677657000080e+04 1.639514976973542559e+02
1.244912358877852343e+00 4.434659391623095581e-03 5.671208030334999785e+04 2.678088177137868797e+02
1.247417308492944743e+00 1.957724438542008793e-03 5.734020629678000114e+04 3.621825857701179530e+02
1.246186825455421809e+00 2.876577140443948959e-03 5.734021012232999783e+04 3.808063157637349718e+02
1.246605519819177443e+00 1.983764636802448286e-03 5.734130113669999992e+04 4.156208243662277368e+02
1.241790197361458459e+00 2.498348320781038079e-03 5.734130497383000329e+04 4.327785161556810181e+02
1.247203813561453600e+00 2.319875566743169644e-03 5.734131434145999810e+04 2.962031215578910519e+02
1.245329381855182271e+00 2.158524753666051215e-03 5.735922837012999662e+04 3.405126652874935189e+02
1.245584515327371466e+00 2.933239616486839688e-03 5.735923219879999670e+04 2.487864231158537507e+02
1.244994975408118876e+00 2.211844556184141414e-03 5.735927578874000028e+04 2.873752611879478991e+02
1.244273694079032211e+00 3.413661639823886273e-03 5.735927961718999723e+04 2.472337921230438269e+02
1.246380740069228832e+00 2.386930282378066023e-03 5.736022242825000285e+04 3.032225100057699478e+02
1.247431836282532513e+00 1.819875598168547125e-03 5.736022626098000183e+04 3.233079048182116821e+02
1.248136786850733593e+00 2.094830138946007694e-03 5.736124762519000069e+04 2.956141105679442376e+02
1.249989611006568246e+00 2.299843032477240281e-03 5.736125145907999831e+04 3.024972057453471734e+02
1.240905655889499970e+00 1.932171327119937146e-03 5.736225082663999638e+04 4.349883267342332829e+02
1.244705227999644670e+00 3.332087481067348353e-03 5.739115531067999837e+04 2.629899597220306191e+02
1.243860216249809802e+00 3.144703555822901588e-03 5.739115660010000283e+04 2.622441738202192596e+02
1.244836626203681851e+00 2.742027880915041179e-03 5.739115788477999740e+04 2.609297022371592902e+02
1.246562242703077361e+00 2.278990099078789713e-03 5.739115917002999777e+04 2.783095813904870397e+02
1.244542455059567398e+00 2.349160459648921232e-03 5.739116045529000257e+04 2.844239980210134036e+02
1.242364106484900921e+00 2.804168388013408408e-03 5.739116173880999850e+04 2.769884740382400423e+02
1.252719385947852482e+00 4.698972851223595128e-03 5.302802403767999931e+04 1.391659892164009591e+02
1.251754229152227893e+00 3.993772770249219908e-03 5.302802479082000355e+04 1.407699539983748025e+02
1.250074229676950921e+00 5.855204491645549063e-03 5.302802552219000063e+04 1.406817759444880664e+02
1.252303300703478506e+00 5.024031412897945852e-03 5.302802626710999903e+04 1.374739148115035619e+02
1.251050981353243774e+00 4.865444362864065203e-03 5.302802700924999954e+04 1.429291563836816863e+02
1.250714396453574739e+00 4.611026887820887828e-03 5.303101476697999897e+04 1.008398660398311364e+02
1.243545677693572937e+00 7.180543382917071484e-03 5.303101548850999825e+04 9.496950477035268534e+01
1.249166637853512674e+00 5.991181185139227670e-03 5.303101699928999733e+04 7.278125810065833434e+01
1.247750147498954743e+00 5.573665723913121504e-03 5.303101772198999970e+04 1.028061951951420951e+02
1.251069450084172363e+00 5.518613026878285525e-03 5.303101842719999695e+04 1.010707222877176292e+02
1.250676161535893227e+00 6.505320398363533332e-03 5.303101913728000363e+04 9.904980266953471357e+01
1.249972740831303941e+00 5.109590811017881117e-03 5.303101985915999830e+04 9.872810755598024457e+01
1.249757392980509474e+00 5.183802206195617379e-03 5.303102057665000029e+04 9.060376731705886755e+01
1.247500604027233173e+00 4.336522178562190848e-03 5.303403736925999692e+04 1.339561877661365088e+02
1.246970448540672738e+00 6.637956384938622188e-03 5.303403807540999696e+04 1.195196302402391950e+02
1.246578829267148913e+00 5.125776381222317025e-03 5.303403879636000056e+04 1.276776070231999398e+02
1.248817771347653149e+00 4.904935055895966699e-03 5.303403951686000073e+04 1.285067515506299003e+02
1.247237712092605033e+00 5.157347993483841694e-03 5.303404023584999959e+04 1.253319985899617848e+02
1.251489580901091525e+00 4.438374329804589159e-03 5.303404094939999777e+04 1.260904964465014189e+02
1.251209024572799144e+00 5.944976724761790766e-03 5.304008482502999686e+04 1.070792883068429546e+02
1.247260538765379678e+00 6.206987371282304995e-03 5.304008552352999686e+04 1.102310822998651076e+02
1.247055871214362455e+00 6.294542677399385909e-03 5.305002507180000248e+04 1.201071345210293373e+02
1.254611088277716391e+00 3.477532480088168631e-03 5.305603135823999764e+04 2.971732792423152318e+02
1.253721028709391394e+00 3.154569264547432434e-03 5.306005644421999750e+04 1.787646946046812104e+02
1.251447447305185090e+00 7.291586560076384650e-03 5.306101931702000002e+04 8.688190119034695158e+01
1.244159709618536169e+00 7.974341747090418417e-03 5.306102002882999659e+04 8.827511301252216924e+01
1.250038293439805548e+00 8.149387560243548725e-03 5.306102073011999892e+04 9.486801267930192694e+01
1.251360901664934744e+00 7.336066512364773466e-03 5.306102144216000306e+04 7.976335659468070105e+01
1.253337442047906869e+00 6.573423369874307511e-03 5.306102214506999735e+04 9.844914667181367918e+01
1.251161373871008564e+00 6.387607729969517999e-03 5.306102285051000217e+04 8.649508286661659895e+01
1.258139381714016736e+00 8.733256526399639161e-03 5.306602322018000268e+04 3.680506111759698484e+01
1.243726466484044391e+00 1.078443898462614486e-02 5.306602392910000344e+04 4.842701843064368461e+01
1.240436354787818107e+00 1.085194695315799124e-02 5.306602463292999892e+04 5.188511344836955175e+01
1.247104706342888836e+00 1.092933892038719899e-02 5.306602534254999773e+04 4.565294430726579122e+01
1.245150815702964486e+00 1.046540093444835520e-02 5.306602605575000052e+04 3.798742795957197416e+01
1.241236643751734148e+00 8.010514615802714206e-03 5.341302454605999810e+04 8.782534906149163589e+01
1.236678475311898673e+00 1.250159868112132346e-02 5.341302549325000291e+04 7.567955800038613745e+01
1.244492447651644573e+00 6.740553778186184584e-03 5.341302643073000218e+04 1.319427167220163994e+02
1.244043348724557241e+00 5.117442948132430031e-03 5.341302736739000102e+04 1.526065589640315636e+02
1.241037981110171717e+00 4.963464364121315461e-03 5.341302830024000286e+04 1.701049166704410993e+02
1.246102614556620303e+00 5.063742734817524953e-03 5.341302926317999663e+04 1.603627490857705595e+02
1.245193420544539187e+00 5.951264521791512288e-03 5.341303019741999742e+04 1.712841965470516641e+02
1.243454787522817462e+00 6.503851652938125172e-03 5.341303114114000346e+04 1.669307584693916624e+02
1.244824958186852015e+00 4.364993598753329207e-03 5.341303207919999841e+04 1.780258562945841163e+02
1.242809313328691712e+00 5.404106883822758570e-03 5.341303301423999801e+04 1.746481303638164775e+02
1.239804403372500419e+00 5.748386580591433731e-03 5.341303394801999821e+04 1.685387099684121210e+02
1.244239604336220495e+00 8.262970022182201946e-03 5.341303488364000077e+04 1.643656591119138852e+02
1.249063118056472632e+00 6.210492701443473366e-03 5.341303583883000101e+04 1.527618943895260770e+02
1.242894818666378187e+00 5.416994308748240144e-03 5.341303677271999914e+04 1.487653857572475147e+02
1.241956505758892826e+00 7.769507657521871301e-03 5.341303771008000331e+04 1.199299108277870261e+02
1.248840291219781795e+00 5.415191898167371828e-03 5.341303864605000126e+04 1.610785110347907221e+02
1.248998076591776751e+00 4.646142919061345931e-03 5.341303958514999977e+04 1.977971253437884798e+02
1.250805598727022350e+00 4.573872656238930044e-03 5.341304055120999692e+04 1.886681903631393311e+02
1.249517295252952520e+00 4.566332734660698799e-03 5.433937882787999843e+04 1.503342405011125322e+02
1.245103056900809690e+00 3.632225867417214656e-03 5.441018919407999783e+04 1.753997454846335984e+02
1.237085954432700419e+00 7.633756664282309937e-03 5.451211660986999777e+04 9.711634384070045201e+01
1.249343951504760630e+00 3.968077627063215131e-03 5.468635292266000033e+04 1.618817816767046907e+02
1.245629336405899235e+00 5.639428827993756173e-03 5.506642239793999761e+04 1.690800772188281940e+02
1.246210322902265411e+00 3.187859560035719107e-03 5.584231293254000047e+04 3.033425464879732090e+02
1.250252959010612619e+00 4.290701404981861478e-03 5.587820551510999940e+04 1.843495785732318097e+02
1.247688877171776900e+00 2.236433725275830189e-03 5.589917667108000023e+04 2.863382031902035578e+02
1.249300635936185344e+00 2.334097600221672966e-03 5.661915847709999798e+04 2.139844163397209229e+02
1.248377401266839826e+00 3.650221951055456111e-03 5.671208413946999644e+04 2.477735096961956174e+02
1.247017777409757944e+00 2.117086202347270678e-03 5.672999736272999871e+04 3.276375244536885134e+02
1.246261859030229902e+00 2.401459513809998773e-03 5.692935866864000127e+04 2.874089008365633049e+02
1.250038133901210990e+00 3.628276682461892711e-03 5.727435782406000362e+04 3.438376005761183478e+02
1.245606111528498205e+00 4.047493287032600910e-03 5.729532846022999729e+04 2.182263089893352515e+02
1.247997431750103692e+00 3.554019424099541784e-03 5.730830936289000238e+04 1.918556554750643102e+02
1.244383668494199568e+00 3.457946350527226105e-03 5.733922678355999960e+04 3.732611727080198420e+02
1.244848253781621450e+00 2.349413629686457339e-03 5.739116302336999797e+04 2.875686180111524095e+02
1.244474670373838965e+00 3.500279894506379795e-03 5.362431829080999887e+04 1.560013525345315486e+02
1.247550041219110728e+00 3.592974947799192943e-03 5.362431923257000017e+04 1.482620349344660724e+02
1.245264208433301212e+00 2.872282926617991412e-03 5.373014816548000090e+04 2.174146570012936195e+02
1.245693280698079164e+00 2.528962968081079326e-03 5.373014910169000359e+04 2.165527483953929675e+02
1.246274482061111577e+00 2.550562377571906174e-03 5.373015003325999714e+04 2.206010687729345534e+02
1.244228828115797381e+00 2.911042917619741446e-03 5.373015097131999937e+04 2.222470269143690018e+02
1.245173049873875781e+00 2.711055501586213945e-03 5.373015189490999910e+04 2.210693586015367487e+02
1.246345125674541254e+00 2.673937612986960598e-03 5.373015286144999845e+04 2.248449213931601776e+02
1.244427942741728410e+00 2.855915844103733194e-03 5.373015379892999772e+04 2.205820737047539524e+02
1.245720328341434202e+00 2.806541155251308407e-03 5.373015472841999872e+04 2.231048504893191762e+02
1.245483969931987955e+00 3.062288445022507376e-03 5.373113034183999844e+04 2.443216214398501336e+02
1.244157413887704067e+00 2.912840633607412938e-03 5.373113128082999901e+04 2.395387980413849220e+02
1.246986494082908292e+00 2.830342138049114255e-03 5.373113221633999638e+04 2.405677450003694275e+02
1.247784041374256248e+00 3.187711772546000452e-03 5.373113314790999721e+04 2.337756935893706896e+02
1.245198715530007494e+00 4.246311514302580567e-03 5.380405808159000298e+04 1.777621319116822463e+02
1.246389655170378807e+00 3.511767461823646439e-03 5.380405906629999663e+04 1.831550860783644055e+02
1.243554584480261127e+00 4.349817580046635469e-03 5.380406004928000038e+04 1.436762195261541706e+02
1.247550079102511589e+00 4.551235698747315914e-03 5.380406103271000029e+04 1.752420535608914349e+02
1.245712787892668594e+00 4.640022612505147019e-03 5.380406200630000239e+04 1.634995170031945406e+02
1.249298272386745623e+00 3.375386640645693364e-03 5.380406299412999942e+04 1.768909045976185723e+02
1.247643250571514262e+00 5.242660250008839701e-03 5.380406401147999713e+04 1.393873728065243256e+02
1.246092096762331458e+00 4.827234464053944268e-03 5.380899550440999883e+04 1.464599458456592060e+02
1.245156147889826981e+00 4.124977432807037762e-03 5.380899625946999731e+04 1.409993096278944904e+02
1.244747653191061731e+00 5.460467110677781274e-03 5.380899703535000299e+04 1.464826052248913868e+02
1.246503264662022215e+00 4.607408975882304990e-03 5.380899781575999805e+04 1.412818890942036774e+02
1.247848927807071906e+00 5.161510386264571773e-03 5.380899858110999776e+04 1.439769361614222873e+02
1.248129333940150909e+00 4.602852572297263557e-03 5.380899933176999912e+04 1.485727643119003574e+02
1.244846659746694950e+00 5.014411456395641634e-03 5.380900016634000349e+04 1.383181294377010033e+02
1.250280694986724228e+00 5.273808589434571086e-03 5.376609563724000327e+04 1.861801855677917672e+02
1.247341605766582262e+00 4.054635670842027771e-03 5.376609663028000068e+04 1.927636664501973769e+02
1.245896749518736080e+00 4.834021572550783671e-03 5.376609759345999919e+04 1.875240179081120289e+02
1.245249058086159266e+00 6.123866628793698044e-03 5.376609855999000138e+04 1.877850824249372295e+02
1.245887163048847945e+00 5.344654972526680613e-03 5.376609951900000306e+04 1.827079785564812653e+02
1.246474302416277880e+00 5.266639719494685228e-03 5.376610048518999974e+04 1.865673556113307825e+02
1.244639227893369116e+00 3.946131176721214343e-03 5.376610144245999982e+04 1.926003466284065553e+02
1.247877366220560891e+00 4.595558298820134890e-03 5.376610240263000014e+04 1.967348518727820590e+02
1.245141689494379200e+00 4.278069958470293380e-03 5.376610336754000309e+04 2.006950074079310866e+02
1.243561999303125720e+00 3.511894460768735880e-03 5.376610434333999729e+04 1.914837172592941386e+02
1.245171210685952268e+00 4.120567446579979920e-03 5.376610530396999820e+04 2.003103415806387773e+02
1.244110079083951881e+00 4.083279455825693585e-03 5.376610626667999895e+04 2.029256240757808598e+02
1.245665400284997837e+00 3.853377531894765489e-03 5.376610722533999797e+04 1.928320886708195303e+02
1.244491712424615759e+00 3.728330062993653882e-03 5.404617728217999684e+04 2.006835822998274637e+02
8.984500292444435043e-01 7.659484865895044292e-02 5.404829227898999670e+04 5.355037646197941967e+02
1.247094033922300893e+00 6.572606053849079644e-03 5.405429267236000305e+04 6.799094107009220522e+01
1.248213028120132240e+00 2.864300419371236701e-03 5.408018608045000292e+04 2.648296926742576147e+02
1.247857951240392893e+00 2.844746177686067242e-03 5.408018782777000160e+04 2.634568813994864627e+02
1.248384782173051377e+00 2.525685712283634154e-03 5.408018957567000325e+04 2.677798227897880565e+02
1.250341904614704625e+00 3.067931770697719055e-03 5.408019132391000312e+04 2.521386825814890358e+02
1.246599002986966021e+00 3.262674289595041653e-03 5.408019307272999868e+04 2.458749413704971687e+02
1.247204479099029539e+00 2.884094893806957074e-03 5.408019482016999973e+04 2.366460534169292487e+02
1.250141880082106471e+00 3.893270227341409043e-03 5.409810240801000327e+04 1.568531641778748735e+02
1.248227413092932947e+00 4.087704698315422144e-03 5.409810335147000296e+04 1.437502669218215772e+02
1.249343612877320542e+00 4.000034672639862614e-03 5.409810428890000185e+04 1.593632284281554519e+02
1.247391762478562427e+00 3.556754203208434099e-03 5.409810522645000310e+04 1.558746038357821817e+02
1.250427459182404499e+00 3.435343971799401357e-03 5.409810616399999708e+04 1.538555512386611213e+02
1.247173946558397528e+00 3.562546125710793106e-03 5.380999747955000203e+04 2.432907442327786782e+02
1.246614897474032535e+00 3.695626665881204809e-03 5.380999893362999865e+04 2.633893824862809652e+02
1.246587417084059846e+00 3.179614517620746057e-03 5.381000036838000233e+04 2.939253572643476673e+02
1.246031107182538067e+00 3.710773755937587810e-03 5.381000181957000314e+04 3.041534709698227061e+02
1.248356922421958837e+00 2.698414416353073653e-03 5.381000327352999739e+04 2.975330054385320864e+02
1.248929258408661314e+00 4.354220764295179888e-03 5.381000472101999912e+04 2.620792742054439941e+02
1.247652128500028157e+00 2.739971132119766416e-03 5.381000617857000179e+04 2.850593366103619246e+02
1.247820389577700251e+00 2.785033499327329177e-03 5.381000763728000311e+04 2.920167357719457755e+02
1.247103923613019916e+00 2.947978100741183161e-03 5.381399127959000180e+04 2.298111233281841521e+02
1.246767977274430228e+00 2.916848604817771484e-03 5.381399306878000061e+04 2.865773939558860093e+02
1.244946839642377068e+00 2.674377208248430136e-03 5.381399485773000197e+04 2.747535910855997940e+02
1.247252556503974485e+00 2.415095734335645592e-03 5.381399670178000088e+04 2.819573384460461511e+02
1.247827410076340904e+00 4.309928898761923588e-03 5.468635387223999714e+04 1.659263932410025859e+02
1.247730721736916237e+00 5.326803052847260168e-03 5.468635482031999709e+04 1.724961926681550892e+02
1.248576547007447912e+00 3.750024306227404351e-03 5.468635577013999864e+04 1.724176991374264389e+02
1.247765720766116138e+00 4.321628863067330378e-03 5.468635673038999812e+04 1.727236986716563081e+02
1.245179198044721991e+00 4.430790006436016205e-03 5.471535517255999730e+04 1.058074054517306166e+02
1.241013075596082871e+00 4.157826382969840619e-03 5.471535612389000016e+04 1.185725049891536997e+02
1.245366564357142991e+00 4.149585327021990122e-03 5.471535707787999854e+04 1.100394113633994095e+02
1.240951338802301240e+00 4.943441614055920502e-03 5.471535802631000115e+04 1.156493431550031232e+02
1.243107326209495156e+00 3.849419334221597638e-03 5.471535897115999978e+04 1.226892442926126705e+02
1.243471042134273175e+00 4.592730343913919641e-03 5.471535991472999740e+04 1.147968448834312909e+02
1.243791093529304170e+00 4.393226622846272897e-03 5.471536086246999912e+04 1.154162783566290642e+02
1.241258330951971134e+00 4.109634634518261748e-03 5.471536180674000207e+04 1.167852317141989573e+02
1.242493187545277822e+00 3.976180971884350941e-03 5.471536274997000146e+04 1.133683733981068826e+02
1.247937877458762612e+00 4.195389938743240149e-03 5.506641972012999759e+04 2.208599556953478213e+02
1.247662398895915237e+00 1.940776706235637855e-03 5.588020011941000121e+04 3.653880130343954988e+02
1.247861905186933740e+00 1.771086801088587884e-03 5.588020222751000256e+04 3.729787312437239279e+02
1.246992120301483320e+00 1.989023416778523505e-03 5.588020433051999862e+04 3.730115472122607798e+02
1.247149193148168411e+00 2.227102503932137240e-03 5.588020644000999891e+04 3.753581501986833473e+02
1.247454367717549806e+00 2.027965154839744388e-03 5.588020854683999642e+04 3.715515705149102814e+02
1.246487724460376256e+00 2.958002581651882415e-03 5.588021064997000212e+04 3.745086865500067574e+02
1.247057330926879537e+00 3.235328655430429971e-03 5.589213993448999827e+04 2.166825341455099476e+02
1.248224597103771760e+00 2.733419444516913682e-03 5.589214146282000002e+04 2.087990196373793310e+02
1.245801328788699758e+00 3.151238024553224687e-03 5.589214300248999643e+04 2.111789920188831786e+02
1.246234884006067523e+00 2.770760110786505987e-03 5.589214453243000025e+04 2.102887089482970566e+02
1.245608923127098366e+00 3.323529363870878720e-03 5.589214606816999731e+04 2.007378336764113556e+02
1.242758913424864664e+00 2.638017195493320630e-03 5.589214759649999905e+04 2.051906468908314025e+02
1.247031772967738927e+00 2.686719423517272207e-03 5.589214912390000245e+04 1.929036868147329642e+02
1.244384985303532254e+00 3.985961763988417339e-03 5.589215064713000174e+04 1.464056583316771309e+02
8.237496926492308136e-01 8.715621516022965462e-03 5.589915069544000289e+04 5.204311322350934006e+02
1.247181122347128746e+00 2.477326418503246995e-03 5.589917056148000120e+04 2.793110261321592702e+02
1.245958710672141923e+00 2.268895356072479167e-03 5.589917208761000074e+04 2.766513680422408470e+02
1.247287992615977004e+00 2.419495430746380644e-03 5.589917362115000287e+04 2.791981418020704382e+02
1.245959385727223090e+00 2.357574134037187033e-03 5.589917514749999827e+04 2.827155882183248536e+02
1.244669914052087378e+00 2.627137815628538108e-03 5.739116432054000325e+04 2.877507509089954851e+02
1.244213702905940799e+00 2.873015739371179763e-03 5.739116560567999841e+04 2.859066337233996933e+02
1.248725541186426202e+00 1.812903575773399702e-03 5.743208599123999738e+04 4.093531527913777950e+02
1.246269937537121564e+00 2.449823326866441310e-03 5.743208982570000080e+04 4.039032271864900849e+02
1.247048500629151624e+00 2.671529576535595918e-03 5.743209365798000363e+04 3.958386631588258524e+02
1.250327399262899153e+00 1.586188658215640724e-03 5.746299809008000011e+04 3.636909418128376501e+02
1.252666505687202614e+00 2.198414878918342717e-03 5.746300052978999884e+04 3.338529338040608536e+02
1.247201153218050251e+00 3.503861121228771421e-03 5.747000438725999993e+04 2.922890501380102251e+02
1.244690564296581758e+00 2.669630213402183171e-03 5.747000734817999910e+04 3.166817106075380934e+02
1.245701636089092457e+00 3.696295477256744590e-03 5.747001030783999886e+04 3.089077315520776779e+02
1.245167952671059730e+00 3.707677525250223025e-03 5.747001326679000340e+04 3.053336358982278966e+02
1.245879365115402981e+00 2.485040935397965240e-03 5.702009815918999811e+04 3.261227215316071124e+02
1.246351768211018785e+00 2.464816151127673192e-03 5.702010168777000217e+04 3.096316508311540474e+02
1.246676989303204808e+00 2.942748257055169923e-03 5.702010517791999882e+04 3.167049452648759029e+02
1.243227817423138148e+00 2.939159404050721482e-03 5.703812245863999851e+04 2.837539362302472910e+02
1.245314877607659687e+00 2.742472862137586287e-03 5.703812457382000139e+04 2.997295207043569576e+02
1.243407067502836139e+00 3.199781340728308048e-03 5.703812667602999863e+04 2.917653085104026900e+02
1.246216972765007647e+00 3.018599160800681646e-03 5.703812878646999889e+04 2.893939667458120084e+02
1.243909823629923750e+00 3.673929072810438057e-03 5.703905992379999952e+04 1.835282617708190855e+02
1.243107463042683047e+00 4.488238446746699827e-03 5.703906098613000358e+04 1.809882806311535433e+02
1.244962779302442257e+00 4.005694435621611448e-03 5.703906204604000231e+04 1.712793515473013599e+02
1.246559988269169805e+00 3.259402674310308331e-03 5.703906311578000168e+04 1.857614711885256042e+02
1.244249056681375976e+00 3.158062341324955388e-03 5.703906418136000138e+04 1.828610548491434713e+02
1.241672150167472566e+00 3.471543260046954134e-03 5.703906524612999783e+04 1.862395417356544556e+02
1.244051700279446004e+00 3.038248617433572489e-03 5.703906631298000138e+04 1.869448986980192728e+02
1.244505502297182709e+00 3.283799558606999205e-03 5.703906737520000024e+04 1.862184465094434529e+02
1.249189928495835211e+00 3.538778713756181565e-03 5.326335742520000349e+04 3.490757445600347069e+02
1.249168698600987559e+00 4.085448971004871331e-03 5.326335916610999993e+04 3.469067843463366216e+02
1.246260183313378622e+00 4.534681297615407621e-03 5.326336090713000158e+04 3.375894915553603255e+02
1.244190225206931455e+00 3.436169794167866220e-03 5.326336264433000179e+04 3.444610968855446913e+02
1.247492586830408534e+00 2.925017875608356896e-03 5.326339203496000118e+04 2.285860298466552649e+02
1.248890721889913236e+00 5.109552204524869974e-03 5.326339296335000108e+04 2.164403260379756091e+02
1.252844885071342729e+00 5.307907286966125938e-03 5.326339390342000115e+04 2.063601658971085158e+02
1.251613043899004962e+00 3.668352172813144595e-03 5.326339483145000122e+04 2.173433939290534624e+02
1.248606295084207174e+00 4.873869877153552341e-03 5.326339576457999647e+04 2.203411903223729098e+02
1.250317421576246701e+00 4.174209714118925357e-03 5.326339670499999920e+04 2.254819042354985186e+02
1.251700410164648947e+00 3.540644600824492932e-03 5.327136818861999927e+04 2.155319393059949959e+02
1.249052000094096115e+00 4.903406625383349184e-03 5.506642507540000224e+04 1.473493746171873511e+02
1.244563596350167334e+00 5.673527027478249100e-03 5.506642775771999732e+04 1.945675797053676774e+02
1.245347642081556572e+00 2.323924749684959292e-03 5.583528581375000067e+04 3.128912795968703335e+02
1.246422228577671820e+00 2.461523712828266649e-03 5.583528850196999701e+04 3.123061924237042035e+02
1.244546557796599728e+00 2.697713408780073614e-03 5.583529118708000169e+04 3.168696484917754788e+02
1.246373860649176990e+00 2.995895074165962589e-03 5.583529386731999693e+04 3.165693111637650077e+02
1.245063845006545655e+00 2.946435720711852464e-03 5.583822264660999645e+04 1.943784804330245493e+02
1.242144037273952506e+00 4.039575988793124746e-03 5.583822649741000350e+04 2.157431788986441177e+02
1.244901649015520917e+00 3.591805468362047928e-03 5.583823033998000028e+04 1.922394204323328495e+02
1.245792864172075021e+00 3.152831684892051095e-03 5.730831087755000044e+04 1.870417346121839444e+02
1.244937733688305403e+00 3.618020781629668978e-03 5.730831239256000117e+04 1.837093028814933007e+02
1.246453435123752840e+00 3.399845573755261915e-03 5.730831390537999687e+04 1.816299142346308599e+02
1.248278267480552817e+00 3.935382293176822519e-03 5.730831541969999671e+04 1.744060418474354037e+02
1.247127069057448301e+00 3.380767096864417762e-03 5.730831693447999714e+04 1.902043723354777001e+02
1.246671487821084723e+00 3.444606321980070874e-03 5.730831844891000219e+04 2.038699870993874583e+02
1.247050144067582078e+00 2.876768178720606924e-03 5.732721024551000301e+04 1.845860976209978332e+02
1.244968697405037794e+00 2.660046545296552382e-03 5.732721407961999648e+04 1.871950671321977495e+02
1.246756165520530146e+00 2.698588763212591678e-03 5.732721791050000320e+04 1.820205323680582126e+02
1.090691176859823530e+00 1.971265372152118320e-02 5.733626122243999998e+04 5.230127364311124438e+02
1.242051523274868563e+00 2.749599171665860486e-03 5.733922275302000344e+04 3.774934042659768352e+02
1.255104375343838008e+00 2.759303639200019146e-03 5.294628647646999889e+04 2.095132249163656013e+02
1.249023048557401205e+00 5.193560201018472544e-03 5.299614263193000079e+04 1.075700093924058507e+02
1.249287940406901942e+00 4.615574466866670215e-03 5.299614334675000282e+04 9.990072063417692050e+01
1.245477326750970004e+00 5.354473747224364200e-03 5.299614405057999829e+04 1.067610883427023083e+02
1.247885388940913831e+00 4.815410156323723066e-03 5.299614476865000324e+04 1.110359564742905576e+02
1.251127241230140630e+00 4.792165676530975478e-03 5.299614549550999800e+04 1.079140185703816712e+02
1.249160747310702479e+00 4.236071277538717809e-03 5.299614622791999864e+04 1.068892585759920166e+02
1.245843479573609081e+00 7.230600186270140159e-03 5.299715523078000115e+04 5.942436078409312472e+01
1.246600974386108174e+00 3.518897156822885838e-03 5.301610986091999803e+04 1.635304944338290341e+02
1.245357398291694118e+00 4.941904320156306415e-03 5.727436049494000326e+04 3.403981923990575638e+02
1.249266853732026172e+00 5.395247016458868707e-03 5.727436316559000261e+04 3.070685072323412896e+02
1.249502302838632062e+00 3.900633337451769791e-03 5.727436583624000195e+04 3.101395316489200127e+02
1.248822559529893406e+00 3.142601610572509294e-03 5.727734555810999882e+04 2.836791495994083334e+02
1.249071420383222053e+00 2.614662058430482910e-03 5.727734765429999970e+04 2.808258115116921090e+02
1.246241363264332103e+00 2.836724252224824029e-03 5.727734974471000169e+04 2.832198666007447514e+02
1.248350353419231507e+00 3.185716478232573663e-03 5.727735183731000143e+04 3.004068769255579809e+02
1.251286874569552454e+00 3.452807539690432980e-03 5.727735392991999834e+04 2.954584497214240173e+02
1.252181117741639538e+00 4.368817753022682070e-03 5.727735602413999732e+04 3.006667238649420142e+02
1.241232877331751583e+00 5.080778831713925366e-03 5.729532588994000253e+04 2.121486445101805600e+02
1.240336315238576237e+00 5.133671077334696180e-03 5.729532717555000272e+04 2.135183493511942459e+02
